0,2022,1,1,Ningbo,Geodis,0.0,4.0,0.0,0.0,4.0,0.0,0.0
1,2022,1,1,Qingdao,Schenker,0.0,4.0,0.0,0.0,4.0,0.0,0.0
2,2022,1,1,Qingdao,Expeditors,0.0,2.0,0.0,0.0,2.0,0.0,0.0
3,2022,1,2,Shanghai,KN,0.0,10.0,0.0,0.0,10.0,0.0,0.0
4,2022,1,2,Shanghai,Expeditors,0.0,3.0,0.0,0.0,3.0,0.0,0.0
5,2022,1,4,Qingdao,Schenker,0.0,10.0,0.0,0.0,10.0,0.0,0.0
6,2022,1,4,Xiamen,Forto,0.0,4.0,0.0,0.0,4.0,0.0,0.0
7,2022,1,5,Ningbo,Geodis,0.0,10.0,0.0,0.0,10.0,0.0,0.0
8,2022,2,6,Ningbo,Geodis,0.0,2.0,0.0,0.0,2.0,0.0,0.0
9,2022,2,7,Xiamen,Forto,0.0,8.0,0.0,0.0,8.0,0.0,0.0
10,2022,2,8,Hong Kong,Forto,0.0,1.0,0.0,0.0,1.0,0.0,0.0
11,2022,2,8,Ningbo,Geodis,0.0,4.0,0.0,0.0,4.0,0.0,0.0
12,2022,2,8,Shanghai,KN,0.0,4.0,0.0,0.0,4.0,0.0,0.0
13,2022,2,8,Yantian,KN,0.0,1.0,0.0,0.0,1.0,0.0,0.0
14,2022,2,9,Nantong,Expeditors,0.0,4.0,0.0,0.0,4.0,0.0,0.0
15,2022,2,9,Ningbo,Geodis,0.0,1.0,0.0,0.0,1.0,0.0,0.0
16,2022,2,9,Qingdao,Schenker,0.0,2.0,0.0,0.0,2.0,0.0,0.0
17,2022,2,9,Shanghai,KN,0.0,2.0,0.0,0.0,2.0,0.0,0.0
18,2022,2,9,Shanghai,Expeditors,0.0,1.0,0.0,0.0,1.0,0.0,0.0
19,2022,2,9,Xiamen,Forto,0.0,12.0,0.0,0.0,12.0,0.0,0.0
20,2022,2,9,Yantian,KN,0.0,6.0,0.0,0.0,6.0,0.0,0.0
21,2022,3,10,Nansha,Forto,0.0,4.0,0.0,0.0,4.0,0.0,0.0
22,2022,3,10,Ningbo,Geodis,0.0,5.0,0.0,0.0,5.0,0.0,0.0
23,2022,3,10,Shanghai,Expeditors,0.0,3.0,0.0,0.0,3.0,0.0,0.0
24,2022,3,10,Xiamen,Forto,0.0,6.0,0.0,0.0,6.0,0.0,0.0
25,2022,3,10,Zhongshan,KN,0.0,2.0,0.0,0.0,2.0,0.0,0.0
26,2022,3,10,Zhuhai,KN,0.0,6.0,0.0,0.0,6.0,0.0,0.0
27,2022,3,11,Hong Kong,Forto,0.0,2.0,0.0,0.0,2.0,0.0,0.0
28,2022,3,11,Nansha,Forto,0.0,8.0,0.0,0.0,8.0,0.0,0.0
29,2022,3,11,Nansha,KN,0.0,1.0,0.0,0.0,1.0,0.0,0.0
30,2022,3,11,Ningbo,Geodis,0.0,29.0,0.0,0.0,29.0,0.0,0.0
31,2022,3,11,Ningbo,Schenker,0.0,1.0,0.0,0.0,1.0,0.0,0.0
32,2022,3,11,Shanghai,Expeditors,0.0,5.0,0.0,0.0,5.0,0.0,0.0
33,2022,3,11,Shanghai,KN,0.0,5.0,0.0,0.0,5.0,0.0,0.0
34,2022,3,11,Xiamen,Forto,0.0,8.0,0.0,0.0,8.0,0.0,0.0
35,2022,3,11,Yantian,KN,0.0,13.0,0.0,0.0,13.0,0.0,0.0
36,2022,3,11,Zhongshan,KN,0.0,1.0,0.0,0.0,1.0,0.0,0.0
37,2022,3,12,Hong Kong,Forto,0.0,2.0,0.0,0.0,2.0,0.0,0.0
38,2022,3,12,Nansha,KN,0.0,14.0,0.0,0.0,14.0,0.0,0.0
39,2022,3,12,Nansha,Forto,0.0,2.0,0.0,0.0,2.0,0.0,0.0
40,2022,3,12,Ningbo,Geodis,0.0,4.0,0.0,0.0,4.0,0.0,0.0
41,2022,3,12,Qingdao,Schenker,0.0,6.0,0.0,0.0,6.0,0.0,0.0
42,2022,3,12,Shanghai,Expeditors,0.0,8.0,0.0,0.0,8.0,0.0,0.0
43,2022,3,12,Shanghai,KN,0.0,3.0,0.0,0.0,3.0,0.0,0.0
44,2022,3,12,Shunde,KN,0.0,1.0,0.0,0.0,1.0,0.0,0.0
45,2022,3,12,Yantian,KN,0.0,20.0,0.0,0.0,20.0,0.0,0.0
46,2022,3,12,Zhongshan,KN,0.0,2.0,0.0,0.0,2.0,0.0,0.0
47,2022,3,13,Nansha,KN,20.0,22.0,-2.0,1.1,22.0,-2.0,1.1
48,2022,3,13,Nansha,Forto,32.0,4.0,28.0,0.125,4.0,28.0,0.125
49,2022,3,13,Ningbo,Schenker,4.0,7.0,-3.0,1.75,7.0,-3.0,1.75
50,2022,3,13,Ningbo,Geodis,85.0,55.0,30.0,0.6470588235294118,55.0,30.0,0.6470588235294118
51,2022,3,13,Qingdao,Schenker,6.0,0.0,0.0,0.0,0.0,0.0,0.0
52,2022,3,13,Shanghai,KN,24.0,4.0,20.0,0.1666666666666667,4.0,20.0,0.1666666666666667
53,2022,3,13,Shanghai,Schenker,0.0,0.0,0.0,0.0,0.0,0.0,0.0
54,2022,3,13,Shunde,KN,24.0,1.0,23.0,0.04166666666666666,1.0,23.0,0.04166666666666666
55,2022,3,13,Taichung,Geodis,0.0,2.0,0.0,0.0,2.0,0.0,0.0
56,2022,3,13,Wuhu,KN,8.0,0.0,0.0,0.0,0.0,0.0,0.0
57,2022,3,13,Xiamen,KN,0.0,2.0,0.0,0.0,2.0,0.0,0.0
58,2022,3,13,Xiamen,Forto,18.0,0.0,0.0,0.0,0.0,0.0,0.0
59,2022,3,13,Yantian,KN,72.0,29.0,43.0,0.4027777777777778,29.0,43.0,0.4027777777777778
60,2022,3,13,Zhongshan,KN,30.0,33.0,-3.0,1.1,33.0,-3.0,1.1
61,2022,3,13,Zhuhai,KN,2.0,5.0,-3.0,2.5,5.0,-3.0,2.5
62,2022,4,14,Nansha,KN,34.0,58.0,-24.0,1.705882352941176,58.0,-24.0,1.705882352941176
63,2022,4,14,Nansha,Forto,30.0,20.0,10.0,0.6666666666666666,20.0,10.0,0.6666666666666666
64,2022,4,14,Ningbo,Schenker,32.0,19.0,13.0,0.59375,19.0,13.0,0.59375
65,2022,4,14,Ningbo,Geodis,85.0,44.0,41.0,0.5176470588235295,44.0,41.0,0.5176470588235295
66,2022,4,14,Qingdao,Schenker,8.0,2.0,6.0,0.25,2.0,6.0,0.25
67,2022,4,14,Shanghai,KN,18.0,22.0,-4.0,1.222222222222222,30.0,-12.0,1.666666666666667
68,2022,4,14,Shanghai,Schenker,10.0,0.0,0.0,0.0,0.0,0.0,0.0
69,2022,4,14,Shunde,KN,20.0,1.0,19.0,0.05,1.0,19.0,0.05
70,2022,4,14,Wuhu,KN,14.0,14.0,0.0,1.0,18.0,-4.0,1.285714285714286
71,2022,4,14,Xiamen,Forto,15.0,11.0,4.0,0.7333333333333333,11.0,4.0,0.7333333333333333
72,2022,4,14,Xiamen,KN,16.0,0.0,0.0,0.0,0.0,0.0,0.0
73,2022,4,14,Yantian,KN,42.0,49.0,-7.0,1.166666666666667,49.0,-7.0,1.166666666666667
74,2022,4,14,Zhongshan,KN,26.0,2.0,24.0,0.07692307692307693,2.0,24.0,0.07692307692307693
75,2022,4,14,Zhuhai,KN,10.0,14.0,-4.0,1.4,14.0,-4.0,1.4
76,2022,4,15,Nansha,Forto,30.0,3.0,27.0,0.1,3.0,27.0,0.1
77,2022,4,15,Nansha,KN,34.0,16.0,18.0,0.4705882352941176,16.0,18.0,0.4705882352941176
78,2022,4,15,Nantong,KN,0.0,1.0,0.0,0.0,1.0,0.0,0.0
79,2022,4,15,Nantong,Schenker,0.0,2.0,0.0,0.0,2.0,0.0,0.0
80,2022,4,15,Ningbo,Schenker,32.0,2.0,30.0,0.0625,2.0,30.0,0.0625
81,2022,4,15,Ningbo,Geodis,85.0,33.0,52.0,0.3882352941176471,33.0,52.0,0.3882352941176471
82,2022,4,15,Qingdao,Schenker,8.0,2.0,6.0,0.25,2.0,6.0,0.25
83,2022,4,15,Shanghai,KN,18.0,11.0,7.0,0.6111111111111112,11.0,7.0,0.6111111111111112
84,2022,4,15,Shanghai,Schenker,10.0,9.0,1.0,0.9,9.0,1.0,0.9
85,2022,4,15,Shunde,KN,20.0,0.0,0.0,0.0,0.0,0.0,0.0
86,2022,4,15,Taichung,Geodis,0.0,1.0,0.0,0.0,1.0,0.0,0.0
87,2022,4,15,Wuhu,KN,14.0,0.0,0.0,0.0,0.0,0.0,0.0
88,2022,4,15,Xiamen,Forto,15.0,14.0,1.0,0.9333333333333333,14.0,1.0,0.9333333333333333
89,2022,4,15,Xiamen,KN,16.0,10.0,6.0,0.625,10.0,6.0,0.625
90,2022,4,15,Yantian,KN,42.0,28.0,14.0,0.6666666666666666,28.0,14.0,0.6666666666666666
91,2022,4,15,Zhongshan,KN,26.0,3.0,23.0,0.1153846153846154,3.0,23.0,0.1153846153846154
92,2022,4,15,Zhuhai,KN,10.0,0.0,0.0,0.0,0.0,0.0,0.0
93,2022,4,16,Nansha,KN,34.0,34.0,0.0,1.0,34.0,0.0,1.0
94,2022,4,16,Nansha,Forto,30.0,19.0,11.0,0.6333333333333333,19.0,11.0,0.6333333333333333
95,2022,4,16,Ningbo,Geodis,85.0,24.0,61.0,0.2823529411764706,24.0,61.0,0.2823529411764706
96,2022,4,16,Ningbo,Schenker,32.0,18.0,14.0,0.5625,18.0,14.0,0.5625
97,2022,4,16,Qingdao,Schenker,8.0,7.0,1.0,0.875,7.0,1.0,0.875
98,2022,4,16,Shanghai,Schenker,10.0,4.0,6.0,0.4,4.0,6.0,0.4
99,2022,4,16,Shanghai,KN,18.0,26.0,-8.0,1.444444444444444,26.0,-8.0,1.444444444444444
100,2022,4,16,Shunde,KN,20.0,4.0,16.0,0.2,4.0,16.0,0.2
101,2022,4,16,Wuhu,KN,14.0,0.0,0.0,0.0,0.0,0.0,0.0
102,2022,4,16,Xiamen,KN,16.0,10.0,6.0,0.625,10.0,6.0,0.625
103,2022,4,16,Xiamen,Forto,15.0,0.0,0.0,0.0,0.0,0.0,0.0
104,2022,4,16,Yantian,KN,42.0,11.0,31.0,0.2619047619047619,11.0,31.0,0.2619047619047619
105,2022,4,16,Zhongshan,KN,26.0,8.0,18.0,0.3076923076923077,8.0,18.0,0.3076923076923077
106,2022,4,16,Zhuhai,KN,10.0,0.0,0.0,0.0,0.0,0.0,0.0
107,2022,4,17,Nanjing,KN,0.0,2.0,0.0,0.0,2.0,0.0,0.0
108,2022,4,17,Nansha,KN,34.0,54.0,-20.0,1.588235294117647,54.0,-20.0,1.588235294117647
109,2022,4,17,Nansha,Forto,30.0,20.0,10.0,0.6666666666666666,20.0,10.0,0.6666666666666666
110,2022,4,17,Nantong,Schenker,0.0,0.0,0.0,0.0,2.0,0.0,0.0
111,2022,4,17,Ningbo,Schenker,32.0,26.0,6.0,0.8125,26.0,6.0,0.8125
112,2022,4,17,Ningbo,Geodis,85.0,41.0,44.0,0.4823529411764706,43.0,42.0,0.5058823529411764
113,2022,4,17,Qingdao,Schenker,8.0,5.0,3.0,0.625,5.0,3.0,0.625
114,2022,4,17,Shanghai,KN,18.0,12.0,6.0,0.6666666666666666,12.0,6.0,0.6666666666666666
115,2022,4,17,Shanghai,Schenker,10.0,2.0,8.0,0.2,2.0,8.0,0.2
116,2022,4,17,Shunde,KN,20.0,0.0,0.0,0.0,0.0,0.0,0.0
117,2022,4,17,Wuhu,KN,14.0,0.0,0.0,0.0,0.0,0.0,0.0
118,2022,4,17,Xiamen,KN,16.0,10.0,6.0,0.625,10.0,6.0,0.625
119,2022,4,17,Xiamen,Forto,15.0,0.0,0.0,0.0,0.0,0.0,0.0
120,2022,4,17,Yantian,KN,42.0,16.0,26.0,0.3809523809523809,16.0,26.0,0.3809523809523809
121,2022,4,17,Yantian,Geodis,0.0,1.0,0.0,0.0,1.0,0.0,0.0
122,2022,4,17,Zhongshan,KN,26.0,11.0,15.0,0.4230769230769231,11.0,15.0,0.4230769230769231
123,2022,4,17,Zhuhai,KN,10.0,0.0,0.0,0.0,0.0,0.0,0.0
124,2022,5,18,Nansha,KN,18.0,42.0,-24.0,2.333333333333333,42.0,-24.0,2.333333333333333
125,2022,5,18,Nansha,Schenker,24.0,14.0,10.0,0.5833333333333334,14.0,10.0,0.5833333333333334
126,2022,5,18,Ningbo,Geodis,65.0,73.0,-8.0,1.123076923076923,73.0,-8.0,1.123076923076923
127,2022,5,18,Ningbo,Schenker,0.0,18.0,0.0,0.0,18.0,0.0,0.0
128,2022,5,18,Qingdao,Schenker,8.0,9.0,-1.0,1.125,9.0,-1.0,1.125
129,2022,5,18,Shanghai,KN,10.0,14.0,-4.0,1.4,14.0,-4.0,1.4
130,2022,5,18,Shanghai,Schenker,14.0,0.0,0.0,0.0,0.0,0.0,0.0
131,2022,5,18,Shunde,KN,30.0,8.0,22.0,0.2666666666666667,8.0,22.0,0.2666666666666667
132,2022,5,18,Wuhu,KN,10.0,0.0,0.0,0.0,0.0,0.0,0.0
133,2022,5,18,Xiamen,KN,12.0,17.0,-5.0,1.416666666666667,17.0,-5.0,1.416666666666667
134,2022,5,18,Xiamen,Forto,0.0,3.0,0.0,0.0,3.0,0.0,0.0
135,2022,5,18,Xiamen,Schenker,4.0,0.0,0.0,0.0,0.0,0.0,0.0
136,2022,5,18,Yantian,KN,58.0,66.0,-8.0,1.137931034482759,67.0,-9.0,1.155172413793103
137,2022,5,18,Zhongshan,KN,26.0,7.0,19.0,0.2692307692307692,7.0,19.0,0.2692307692307692
138,2022,5,18,Zhuhai,KN,8.0,9.0,-1.0,1.125,9.0,-1.0,1.125
139,2022,5,19,Nanjing,KN,0.0,2.0,0.0,0.0,2.0,0.0,0.0
140,2022,5,19,Nansha,KN,18.0,16.0,2.0,0.8888888888888888,16.0,2.0,0.8888888888888888
141,2022,5,19,Nansha,Schenker,24.0,0.0,0.0,0.0,0.0,0.0,0.0
142,2022,5,19,Ningbo,Geodis,65.0,46.0,19.0,0.7076923076923077,46.0,19.0,0.7076923076923077
143,2022,5,19,Qingdao,Schenker,8.0,8.0,0.0,1.0,8.0,0.0,1.0
144,2022,5,19,Shanghai,Schenker,14.0,4.0,10.0,0.2857142857142857,4.0,10.0,0.2857142857142857
145,2022,5,19,Shanghai,KN,10.0,0.0,0.0,0.0,0.0,0.0,0.0
146,2022,5,19,Shunde,KN,30.0,4.0,26.0,0.1333333333333333,4.0,26.0,0.1333333333333333
147,2022,5,19,Wuhu,KN,10.0,0.0,0.0,0.0,0.0,0.0,0.0
148,2022,5,19,Xiamen,Schenker,4.0,2.0,2.0,0.5,2.0,2.0,0.5
149,2022,5,19,Xiamen,KN,12.0,0.0,0.0,0.0,0.0,0.0,0.0
150,2022,5,19,Yantian,KN,58.0,36.0,22.0,0.6206896551724138,36.0,22.0,0.6206896551724138
151,2022,5,19,Zhongshan,KN,26.0,9.0,17.0,0.3461538461538461,9.0,17.0,0.3461538461538461
152,2022,5,19,Zhuhai,KN,8.0,0.0,0.0,0.0,0.0,0.0,0.0
153,2022,5,20,Nanjing,Geodis,0.0,0.0,0.0,0.0,3.0,0.0,0.0
154,2022,5,20,Nanjing,KN,0.0,2.0,0.0,0.0,2.0,0.0,0.0
155,2022,5,20,Nansha,KN,18.0,10.0,8.0,0.5555555555555556,10.0,8.0,0.5555555555555556
156,2022,5,20,Nansha,Schenker,24.0,20.0,4.0,0.8333333333333334,20.0,4.0,0.8333333333333334
157,2022,5,20,Nantong,KN,0.0,6.0,0.0,0.0,6.0,0.0,0.0
158,2022,5,20,Ningbo,Geodis,65.0,20.0,45.0,0.3076923076923077,20.0,45.0,0.3076923076923077
159,2022,5,20,Qingdao,Schenker,8.0,8.0,0.0,1.0,8.0,0.0,1.0
160,2022,5,20,Shanghai,Schenker,14.0,3.0,11.0,0.2142857142857143,3.0,11.0,0.2142857142857143
161,2022,5,20,Shanghai,KN,10.0,0.0,0.0,0.0,0.0,0.0,0.0
162,2022,5,20,Shunde,KN,30.0,4.0,26.0,0.1333333333333333,4.0,26.0,0.1333333333333333
163,2022,5,20,Wuhu,KN,10.0,0.0,0.0,0.0,0.0,0.0,0.0
164,2022,5,20,Xiamen,KN,12.0,9.0,3.0,0.75,9.0,3.0,0.75
165,2022,5,20,Xiamen,Schenker,4.0,0.0,0.0,0.0,0.0,0.0,0.0
166,2022,5,20,Yantian,KN,58.0,19.0,39.0,0.3275862068965517,19.0,39.0,0.3275862068965517
167,2022,5,20,Zhongshan,KN,26.0,4.0,22.0,0.1538461538461539,4.0,22.0,0.1538461538461539
168,2022,5,20,Zhuhai,KN,8.0,0.0,0.0,0.0,0.0,0.0,0.0
169,2022,5,21,Nansha,KN,18.0,34.0,-16.0,1.888888888888889,34.0,-16.0,1.888888888888889
170,2022,5,21,Nansha,Schenker,24.0,20.0,4.0,0.8333333333333334,20.0,4.0,0.8333333333333334
171,2022,5,21,Ningbo,Geodis,65.0,12.0,53.0,0.1846153846153846,12.0,53.0,0.1846153846153846
172,2022,5,21,Qingdao,Geodis,0.0,6.0,0.0,0.0,6.0,0.0,0.0
173,2022,5,21,Qingdao,Schenker,8.0,0.0,0.0,0.0,0.0,0.0,0.0
174,2022,5,21,Shanghai,Schenker,14.0,6.0,8.0,0.4285714285714285,6.0,8.0,0.4285714285714285
175,2022,5,21,Shanghai,KN,10.0,2.0,8.0,0.2,2.0,8.0,0.2
176,2022,5,21,Shunde,KN,30.0,6.0,24.0,0.2,6.0,24.0,0.2
177,2022,5,21,Wuhu,KN,10.0,0.0,0.0,0.0,0.0,0.0,0.0
178,2022,5,21,Xiamen,KN,12.0,25.0,-13.0,2.083333333333333,25.0,-13.0,2.083333333333333
179,2022,5,21,Xiamen,Schenker,4.0,0.0,0.0,0.0,0.0,0.0,0.0
180,2022,5,21,Yantian,KN,58.0,1.0,57.0,0.01724137931034483,1.0,57.0,0.01724137931034483
181,2022,5,21,Zhongshan,KN,26.0,2.0,24.0,0.07692307692307693,2.0,24.0,0.07692307692307693
182,2022,5,21,Zhuhai,KN,8.0,14.0,-6.0,1.75,14.0,-6.0,1.75
183,2022,5,22,Nansha,KN,18.0,15.0,3.0,0.8333333333333334,15.0,3.0,0.8333333333333334
184,2022,5,22,Nansha,Schenker,24.0,0.0,0.0,0.0,0.0,0.0,0.0
185,2022,5,22,Ningbo,Geodis,65.0,28.0,37.0,0.4307692307692308,28.0,37.0,0.4307692307692308
186,2022,5,22,Qingdao,Schenker,8.0,0.0,0.0,0.0,0.0,0.0,0.0
187,2022,5,22,Shanghai,KN,10.0,4.0,6.0,0.4,4.0,6.0,0.4
188,2022,5,22,Shanghai,Schenker,14.0,2.0,12.0,0.1428571428571428,2.0,12.0,0.1428571428571428
189,2022,5,22,Shunde,KN,30.0,0.0,0.0,0.0,0.0,0.0,0.0
190,2022,5,22,Taipei,KN,0.0,1.0,0.0,0.0,1.0,0.0,0.0
191,2022,5,22,Wuhu,KN,10.0,0.0,0.0,0.0,0.0,0.0,0.0
192,2022,5,22,Xiamen,KN,12.0,10.0,2.0,0.8333333333333334,10.0,2.0,0.8333333333333334
193,2022,5,22,Xiamen,Schenker,4.0,0.0,0.0,0.0,0.0,0.0,0.0
194,2022,5,22,Yantian,KN,58.0,16.0,42.0,0.2758620689655172,16.0,42.0,0.2758620689655172
195,2022,5,22,Zhongshan,KN,26.0,0.0,0.0,0.0,0.0,0.0,0.0
196,2022,5,22,Zhuhai,KN,8.0,0.0,0.0,0.0,0.0,0.0,0.0
197,2022,6,23,Kaohsiung,KN,4.0,0.0,0.0,0.0,0.0,0.0,0.0
198,2022,6,23,Nanjing,KN,6.0,0.0,0.0,0.0,0.0,0.0,0.0
199,2022,6,23,Nansha,Forto,0.0,1.0,0.0,0.0,1.0,0.0,0.0
200,2022,6,23,Nansha,KN,12.0,2.0,10.0,0.1666666666666667,2.0,10.0,0.1666666666666667
201,2022,6,23,Nantong,KN,20.0,0.0,0.0,0.0,0.0,0.0,0.0
202,2022,6,23,Ningbo,Geodis,85.0,10.0,75.0,0.1176470588235294,10.0,75.0,0.1176470588235294
203,2022,6,23,Ningbo,Schenker,10.0,0.0,0.0,0.0,0.0,0.0,0.0
204,2022,6,23,Qingdao,Schenker,14.0,1.0,13.0,0.07142857142857142,1.0,13.0,0.07142857142857142
205,2022,6,23,Shanghai,KN,8.0,7.0,1.0,0.875,7.0,1.0,0.875
206,2022,6,23,Shanghai,Schenker,16.0,2.0,14.0,0.125,2.0,14.0,0.125
207,2022,6,23,Shunde,KN,55.0,2.0,53.0,0.03636363636363636,2.0,53.0,0.03636363636363636
208,2022,6,23,Wuhu,KN,6.0,0.0,0.0,0.0,0.0,0.0,0.0
209,2022,6,23,Xiamen,Schenker,10.0,2.0,8.0,0.2,2.0,8.0,0.2
210,2022,6,23,Xiamen,KN,14.0,4.0,10.0,0.2857142857142857,4.0,10.0,0.2857142857142857
211,2022,6,23,Yantian,KN,25.0,12.0,13.0,0.48,16.0,9.0,0.64
212,2022,6,23,Zhongshan,KN,30.0,0.0,0.0,0.0,0.0,0.0,0.0
213,2022,6,24,Kaohsiung,KN,4.0,0.0,0.0,0.0,0.0,0.0,0.0
214,2022,6,24,Nanjing,KN,6.0,6.0,0.0,1.0,6.0,0.0,1.0
215,2022,6,24,Nansha,KN,12.0,7.0,5.0,0.5833333333333334,7.0,5.0,0.5833333333333334
216,2022,6,24,Nantong,KN,20.0,0.0,0.0,0.0,0.0,0.0,0.0
217,2022,6,24,Ningbo,Geodis,85.0,22.0,63.0,0.2588235294117647,22.0,63.0,0.2588235294117647
218,2022,6,24,Ningbo,Schenker,10.0,0.0,0.0,0.0,0.0,0.0,0.0
219,2022,6,24,Qingdao,Schenker,14.0,0.0,0.0,0.0,0.0,0.0,0.0
220,2022,6,24,Rongqi,Forto,0.0,3.0,0.0,0.0,3.0,0.0,0.0
221,2022,6,24,Shanghai,KN,8.0,11.0,-3.0,1.375,11.0,-3.0,1.375
222,2022,6,24,Shanghai,Schenker,16.0,0.0,0.0,0.0,0.0,0.0,0.0
223,2022,6,24,Shunde,KN,55.0,0.0,0.0,0.0,0.0,0.0,0.0
224,2022,6,24,Wuhu,KN,6.0,0.0,0.0,0.0,0.0,0.0,0.0
225,2022,6,24,Xiamen,KN,14.0,5.0,9.0,0.3571428571428572,5.0,9.0,0.3571428571428572
226,2022,6,24,Xiamen,Schenker,10.0,0.0,0.0,0.0,0.0,0.0,0.0
227,2022,6,24,Yantian,KN,25.0,0.0,0.0,0.0,0.0,0.0,0.0
228,2022,6,24,Zhongshan,KN,30.0,3.0,27.0,0.1,3.0,27.0,0.1
229,2022,6,25,Kaohsiung,KN,4.0,0.0,0.0,0.0,0.0,0.0,0.0
230,2022,6,25,Nanjing,KN,6.0,0.0,0.0,0.0,0.0,0.0,0.0
231,2022,6,25,Nansha,KN,12.0,2.0,10.0,0.1666666666666667,2.0,10.0,0.1666666666666667
232,2022,6,25,Nantong,KN,20.0,0.0,0.0,0.0,0.0,0.0,0.0
233,2022,6,25,Ningbo,Schenker,10.0,2.0,8.0,0.2,2.0,8.0,0.2
234,2022,6,25,Ningbo,Geodis,85.0,13.0,72.0,0.1529411764705882,13.0,72.0,0.1529411764705882
235,2022,6,25,Qingdao,Schenker,14.0,0.0,0.0,0.0,0.0,0.0,0.0
236,2022,6,25,Shanghai,KN,8.0,5.0,3.0,0.625,5.0,3.0,0.625
237,2022,6,25,Shanghai,Schenker,16.0,1.0,15.0,0.0625,1.0,15.0,0.0625
238,2022,6,25,Shunde,KN,55.0,0.0,0.0,0.0,0.0,0.0,0.0
239,2022,6,25,Wuhu,KN,6.0,1.0,5.0,0.1666666666666667,1.0,5.0,0.1666666666666667
240,2022,6,25,Xiamen,KN,14.0,0.0,0.0,0.0,0.0,0.0,0.0
241,2022,6,25,Xiamen,Schenker,10.0,0.0,0.0,0.0,0.0,0.0,0.0
242,2022,6,25,Yantai Pt,KN,0.0,2.0,0.0,0.0,2.0,0.0,0.0
243,2022,6,25,Yantian,KN,25.0,6.0,19.0,0.24,6.0,19.0,0.24
244,2022,6,25,Zhongshan,KN,30.0,12.0,18.0,0.4,12.0,18.0,0.4
245,2022,6,26,Kaohsiung,KN,4.0,0.0,0.0,0.0,0.0,0.0,0.0
246,2022,6,26,Nanjing,KN,6.0,0.0,0.0,0.0,0.0,0.0,0.0
247,2022,6,26,Nansha,KN,12.0,8.0,4.0,0.6666666666666666,8.0,4.0,0.6666666666666666
248,2022,6,26,Nantong,KN,20.0,0.0,0.0,0.0,0.0,0.0,0.0
249,2022,6,26,Ningbo,Geodis,85.0,10.0,75.0,0.1176470588235294,10.0,75.0,0.1176470588235294
250,2022,6,26,Ningbo,Schenker,10.0,1.0,9.0,0.1,1.0,9.0,0.1
251,2022,6,26,Qingdao,Schenker,14.0,6.0,8.0,0.4285714285714285,6.0,8.0,0.4285714285714285
252,2022,6,26,Shanghai,KN,8.0,0.0,0.0,0.0,0.0,0.0,0.0
253,2022,6,26,Shanghai,Schenker,16.0,0.0,0.0,0.0,0.0,0.0,0.0
254,2022,6,26,Shunde,KN,55.0,1.0,54.0,0.01818181818181818,1.0,54.0,0.01818181818181818
255,2022,6,26,Wuhu,KN,6.0,2.0,4.0,0.3333333333333333,2.0,4.0,0.3333333333333333
256,2022,6,26,Xiamen,KN,14.0,2.0,12.0,0.1428571428571428,2.0,12.0,0.1428571428571428
257,2022,6,26,Xiamen,Schenker,10.0,0.0,0.0,0.0,0.0,0.0,0.0
258,2022,6,26,Yantian,KN,25.0,17.0,8.0,0.68,17.0,8.0,0.68
259,2022,6,26,Zhongshan,KN,30.0,0.0,0.0,0.0,0.0,0.0,0.0
260,2022,7,27,Kaohsiung,KN,2.0,0.0,0.0,0.0,0.0,0.0,0.0
261,2022,7,27,Nanjing,KN,3.0,0.0,0.0,0.0,0.0,0.0,0.0
262,2022,7,27,Nansha,Schenker,18.0,23.0,-5.0,1.277777777777778,23.0,-5.0,1.277777777777778
263,2022,7,27,Nansha,KN,0.0,2.0,0.0,0.0,2.0,0.0,0.0
264,2022,7,27,Nantong,KN,3.0,1.0,2.0,0.3333333333333333,1.0,2.0,0.3333333333333333
265,2022,7,27,Ningbo,Geodis,60.0,36.0,24.0,0.6,36.0,24.0,0.6
266,2022,7,27,Ningbo,Schenker,0.0,17.0,0.0,0.0,17.0,0.0,0.0
267,2022,7,27,Qingdao,Schenker,4.0,0.0,0.0,0.0,0.0,0.0,0.0
268,2022,7,27,Shanghai,KN,10.0,6.0,4.0,0.6,6.0,4.0,0.6
269,2022,7,27,Shanghai,Schenker,0.0,0.0,0.0,0.0,0.0,0.0,0.0
270,2022,7,27,Shunde,KN,20.0,2.0,18.0,0.1,2.0,18.0,0.1
271,2022,7,27,Wuhu,KN,2.0,4.0,-2.0,2.0,4.0,-2.0,2.0
272,2022,7,27,Xiamen,KN,8.0,0.0,0.0,0.0,0.0,0.0,0.0
273,2022,7,27,Xiamen,Schenker,6.0,0.0,0.0,0.0,0.0,0.0,0.0
274,2022,7,27,Yantian,KN,32.0,22.0,10.0,0.6875,22.0,10.0,0.6875
275,2022,7,27,Zhongshan,KN,8.0,12.0,-4.0,1.5,12.0,-4.0,1.5
276,2022,7,27,Zhuhai,KN,2.0,0.0,0.0,0.0,0.0,0.0,0.0
277,2022,7,27,Zhuhai,KN,2.0,0.0,0.0,0.0,0.0,0.0,0.0
278,2022,7,27,Zhuhai,KN,2.0,0.0,0.0,0.0,0.0,0.0,0.0
279,2022,7,27,Zhuhai,KN,2.0,0.0,0.0,0.0,0.0,0.0,0.0
280,2022,7,28,Kaohsiung,KN,2.0,0.0,0.0,0.0,0.0,0.0,0.0
281,2022,7,28,Nanjing,KN,3.0,0.0,0.0,0.0,0.0,0.0,0.0
282,2022,7,28,Nansha,Schenker,18.0,1.0,17.0,0.05555555555555555,1.0,17.0,0.05555555555555555
283,2022,7,28,Nansha,KN,0.0,5.0,0.0,0.0,5.0,0.0,0.0
284,2022,7,28,Nantong,KN,3.0,0.0,0.0,0.0,0.0,0.0,0.0
285,2022,7,28,Ningbo,Geodis,60.0,11.0,49.0,0.1833333333333333,11.0,49.0,0.1833333333333333
286,2022,7,28,Ningbo,Schenker,0.0,0.0,0.0,0.0,0.0,0.0,0.0
287,2022,7,28,Qingdao,Schenker,4.0,10.0,-6.0,2.5,10.0,-6.0,2.5
288,2022,7,28,Shanghai,KN,10.0,4.0,6.0,0.4,4.0,6.0,0.4
289,2022,7,28,Shanghai,Schenker,0.0,0.0,0.0,0.0,0.0,0.0,0.0
290,2022,7,28,Shunde,KN,20.0,28.0,-8.0,1.4,28.0,-8.0,1.4
291,2022,7,28,Taipei,KN,0.0,3.0,0.0,0.0,3.0,0.0,0.0
292,2022,7,28,Wuhu,KN,2.0,0.0,0.0,0.0,0.0,0.0,0.0
293,2022,7,28,Xiamen,KN,8.0,4.0,4.0,0.5,5.0,3.0,0.625
294,2022,7,28,Xiamen,Schenker,6.0,2.0,4.0,0.3333333333333333,2.0,4.0,0.3333333333333333
295,2022,7,28,Yantian,KN,32.0,14.0,18.0,0.4375,14.0,18.0,0.4375
296,2022,7,28,Zhongshan,KN,8.0,16.0,-8.0,2.0,16.0,-8.0,2.0
297,2022,7,29,Kaohsiung,KN,2.0,0.0,0.0,0.0,0.0,0.0,0.0
298,2022,7,29,Nanjing,KN,3.0,0.0,0.0,0.0,0.0,0.0,0.0
299,2022,7,29,Nansha,KN,0.0,17.0,0.0,0.0,17.0,0.0,0.0
300,2022,7,29,Nansha,Schenker,18.0,0.0,0.0,0.0,0.0,0.0,0.0
301,2022,7,29,Nantong,KN,3.0,0.0,0.0,0.0,0.0,0.0,0.0
302,2022,7,29,Ningbo,Geodis,60.0,43.0,17.0,0.7166666666666667,43.0,17.0,0.7166666666666667
303,2022,7,29,Ningbo,Schenker,0.0,4.0,0.0,0.0,4.0,0.0,0.0
304,2022,7,29,Qingdao,Schenker,4.0,2.0,2.0,0.5,3.0,1.0,0.75
305,2022,7,29,Shanghai,Schenker,0.0,2.0,0.0,0.0,2.0,0.0,0.0
306,2022,7,29,Shanghai,KN,10.0,0.0,0.0,0.0,0.0,0.0,0.0
307,2022,7,29,Shunde,KN,20.0,0.0,0.0,0.0,0.0,0.0,0.0
308,2022,7,29,Wuhu,KN,2.0,0.0,0.0,0.0,0.0,0.0,0.0
309,2022,7,29,Xiamen,KN,8.0,0.0,0.0,0.0,0.0,0.0,0.0
310,2022,7,29,Xiamen,Schenker,6.0,0.0,0.0,0.0,0.0,0.0,0.0
311,2022,7,29,Yantian,KN,32.0,5.0,27.0,0.15625,5.0,27.0,0.15625
312,2022,7,29,Zhongshan,KN,8.0,0.0,0.0,0.0,0.0,0.0,0.0
313,2022,7,30,Kaohsiung,KN,2.0,0.0,0.0,0.0,0.0,0.0,0.0
314,2022,7,30,Nanjing,KN,3.0,0.0,0.0,0.0,0.0,0.0,0.0
315,2022,7,30,Nansha,Schenker,18.0,29.0,-11.0,1.611111111111111,30.0,-12.0,1.666666666666667
316,2022,7,30,Nansha,KN,0.0,13.0,0.0,0.0,13.0,0.0,0.0
317,2022,7,30,Nantong,KN,3.0,0.0,0.0,0.0,0.0,0.0,0.0
318,2022,7,30,Ningbo,Geodis,60.0,0.0,0.0,0.0,0.0,0.0,0.0
319,2022,7,30,Ningbo,Schenker,0.0,0.0,0.0,0.0,0.0,0.0,0.0
320,2022,7,30,Qingdao,Schenker,4.0,0.0,0.0,0.0,0.0,0.0,0.0
321,2022,7,30,Shanghai,KN,10.0,3.0,7.0,0.3,3.0,7.0,0.3
322,2022,7,30,Shanghai,Schenker,0.0,0.0,0.0,0.0,0.0,0.0,0.0
323,2022,7,30,Shunde,KN,20.0,6.0,14.0,0.3,6.0,14.0,0.3
324,2022,7,30,Wuhu,KN,2.0,0.0,0.0,0.0,0.0,0.0,0.0
325,2022,7,30,Xiamen,Schenker,6.0,2.0,4.0,0.3333333333333333,2.0,4.0,0.3333333333333333
326,2022,7,30,Xiamen,KN,8.0,10.0,-2.0,1.25,10.0,-2.0,1.25
327,2022,7,30,Yantian,KN,32.0,2.0,30.0,0.0625,2.0,30.0,0.0625
328,2022,7,30,Zhongshan,KN,8.0,0.0,0.0,0.0,0.0,0.0,0.0
329,2022,8,31,Kaohsiung,KN,2.0,0.0,0.0,0.0,0.0,0.0,0.0
330,2022,8,31,Nanjing,KN,4.0,0.0,0.0,0.0,0.0,0.0,0.0
331,2022,8,31,Nansha,Schenker,24.0,16.0,8.0,0.6666666666666666,16.0,8.0,0.6666666666666666
332,2022,8,31,Nansha,KN,8.0,0.0,0.0,0.0,0.0,0.0,0.0
333,2022,8,31,Nantong,KN,4.0,0.0,0.0,0.0,0.0,0.0,0.0
334,2022,8,31,Ningbo,Geodis,65.0,42.0,23.0,0.6461538461538462,43.0,22.0,0.6615384615384615
335,2022,8,31,Ningbo,Schenker,0.0,0.0,0.0,0.0,0.0,0.0,0.0
336,2022,8,31,Qingdao,Schenker,4.0,5.0,-1.0,1.25,5.0,-1.0,1.25
337,2022,8,31,Shanghai,KN,16.0,0.0,0.0,0.0,0.0,0.0,0.0
338,2022,8,31,Shanghai,Schenker,0.0,0.0,0.0,0.0,0.0,0.0,0.0
339,2022,8,31,Shunde,KN,32.0,2.0,30.0,0.0625,2.0,30.0,0.0625
340,2022,8,31,Wuhu,KN,2.0,0.0,0.0,0.0,0.0,0.0,0.0
341,2022,8,31,Xiamen,KN,0.0,10.0,0.0,0.0,10.0,0.0,0.0
342,2022,8,31,Xiamen,Schenker,16.0,0.0,0.0,0.0,0.0,0.0,0.0
343,2022,8,31,Yantian,KN,52.0,2.0,50.0,0.03846153846153846,2.0,50.0,0.03846153846153846
344,2022,8,31,Yantian,Schenker,6.0,0.0,0.0,0.0,0.0,0.0,0.0
345,2022,8,31,Zhongshan,KN,12.0,6.0,6.0,0.5,6.0,6.0,0.5
346,2022,8,31,Zhuhai,KN,4.0,2.0,2.0,0.5,2.0,2.0,0.5
347,2022,8,32,Kaohsiung,KN,2.0,0.0,0.0,0.0,0.0,0.0,0.0
348,2022,8,32,Nanjing,KN,4.0,0.0,0.0,0.0,0.0,0.0,0.0
349,2022,8,32,Nansha,KN,8.0,0.0,0.0,0.0,0.0,0.0,0.0
350,2022,8,32,Nansha,Schenker,24.0,0.0,0.0,0.0,0.0,0.0,0.0
351,2022,8,32,Nantong,KN,4.0,0.0,0.0,0.0,0.0,0.0,0.0
352,2022,8,32,Ningbo,Geodis,65.0,23.0,42.0,0.3538461538461539,23.0,42.0,0.3538461538461539
353,2022,8,32,Ningbo,Schenker,0.0,0.0,0.0,0.0,0.0,0.0,0.0
354,2022,8,32,Qingdao,Schenker,4.0,0.0,0.0,0.0,0.0,0.0,0.0
355,2022,8,32,Shanghai,KN,16.0,0.0,0.0,0.0,0.0,0.0,0.0
356,2022,8,32,Shanghai,Schenker,0.0,0.0,0.0,0.0,0.0,0.0,0.0
357,2022,8,32,Shunde,KN,32.0,0.0,0.0,0.0,0.0,0.0,0.0
358,2022,8,32,Wuhu,KN,2.0,0.0,0.0,0.0,0.0,0.0,0.0
359,2022,8,32,Xiamen,KN,0.0,0.0,0.0,0.0,0.0,0.0,0.0
360,2022,8,32,Xiamen,Schenker,16.0,0.0,0.0,0.0,0.0,0.0,0.0
361,2022,8,32,Yantian,KN,52.0,0.0,52.0,0.0,8.0,44.0,0.1538461538461539
362,2022,8,32,Yantian,Schenker,6.0,0.0,0.0,0.0,0.0,0.0,0.0
363,2022,8,32,Zhongshan,KN,12.0,0.0,0.0,0.0,0.0,0.0,0.0
364,2022,8,32,Zhuhai,KN,4.0,0.0,0.0,0.0,0.0,0.0,0.0
365,2022,8,33,Kaohsiung,KN,2.0,0.0,0.0,0.0,0.0,0.0,0.0
366,2022,8,33,Nanjing,KN,4.0,0.0,0.0,0.0,0.0,0.0,0.0
367,2022,8,33,Nansha,KN,8.0,0.0,0.0,0.0,0.0,0.0,0.0
368,2022,8,33,Nansha,Schenker,24.0,0.0,0.0,0.0,0.0,0.0,0.0
369,2022,8,33,Nantong,KN,4.0,0.0,0.0,0.0,0.0,0.0,0.0
370,2022,8,33,Ningbo,Geodis,65.0,6.0,59.0,0.09230769230769231,6.0,59.0,0.09230769230769231
371,2022,8,33,Ningbo,Schenker,0.0,0.0,0.0,0.0,0.0,0.0,0.0
372,2022,8,33,Qingdao,Schenker,4.0,0.0,0.0,0.0,0.0,0.0,0.0
373,2022,8,33,Shanghai,KN,16.0,0.0,0.0,0.0,0.0,0.0,0.0
374,2022,8,33,Shanghai,Schenker,0.0,0.0,0.0,0.0,0.0,0.0,0.0
375,2022,8,33,Shunde,KN,32.0,0.0,0.0,0.0,0.0,0.0,0.0
376,2022,8,33,Wuhu,KN,2.0,0.0,0.0,0.0,0.0,0.0,0.0
377,2022,8,33,Xiamen,KN,0.0,0.0,0.0,0.0,0.0,0.0,0.0
378,2022,8,33,Xiamen,Schenker,16.0,0.0,0.0,0.0,0.0,0.0,0.0
379,2022,8,33,Yantian,KN,52.0,0.0,0.0,0.0,0.0,0.0,0.0
380,2022,8,33,Yantian,Schenker,6.0,0.0,0.0,0.0,0.0,0.0,0.0
381,2022,8,33,Zhongshan,KN,12.0,0.0,0.0,0.0,0.0,0.0,0.0
382,2022,8,33,Zhuhai,KN,4.0,0.0,0.0,0.0,0.0,0.0,0.0
383,2022,8,34,Kaohsiung,KN,2.0,0.0,0.0,0.0,0.0,0.0,0.0
384,2022,8,34,Nanjing,KN,4.0,0.0,0.0,0.0,0.0,0.0,0.0
385,2022,8,34,Nansha,Schenker,24.0,0.0,24.0,0.0,4.0,20.0,0.1666666666666667
386,2022,8,34,Nansha,KN,8.0,0.0,0.0,0.0,0.0,0.0,0.0
387,2022,8,34,Nantong,KN,4.0,0.0,0.0,0.0,0.0,0.0,0.0
388,2022,8,34,Ningbo,Geodis,65.0,0.0,0.0,0.0,0.0,0.0,0.0
389,2022,8,34,Ningbo,Schenker,0.0,0.0,0.0,0.0,0.0,0.0,0.0
390,2022,8,34,Qingdao,Schenker,4.0,0.0,0.0,0.0,0.0,0.0,0.0
391,2022,8,34,Shanghai,KN,16.0,0.0,0.0,0.0,0.0,0.0,0.0
392,2022,8,34,Shanghai,Schenker,0.0,0.0,0.0,0.0,0.0,0.0,0.0
393,2022,8,34,Shunde,KN,32.0,0.0,0.0,0.0,0.0,0.0,0.0
394,2022,8,34,Wuhu,KN,2.0,0.0,0.0,0.0,0.0,0.0,0.0
395,2022,8,34,Xiamen,KN,0.0,0.0,0.0,0.0,0.0,0.0,0.0
396,2022,8,34,Xiamen,Schenker,16.0,0.0,0.0,0.0,0.0,0.0,0.0
397,2022,8,34,Yantian,KN,52.0,0.0,0.0,0.0,0.0,0.0,0.0
398,2022,8,34,Yantian,Schenker,6.0,0.0,0.0,0.0,0.0,0.0,0.0
399,2022,8,34,Zhongshan,KN,12.0,0.0,0.0,0.0,0.0,0.0,0.0
400,2022,8,34,Zhuhai,KN,4.0,0.0,0.0,0.0,0.0,0.0,0.0
401,2022,8,35,Kaohsiung,KN,2.0,0.0,0.0,0.0,0.0,0.0,0.0
402,2022,8,35,Nanjing,KN,4.0,0.0,0.0,0.0,0.0,0.0,0.0
403,2022,8,35,Nansha,KN,8.0,0.0,0.0,0.0,0.0,0.0,0.0
404,2022,8,35,Nansha,Schenker,24.0,0.0,0.0,0.0,0.0,0.0,0.0
405,2022,8,35,Nantong,KN,4.0,0.0,0.0,0.0,0.0,0.0,0.0
406,2022,8,35,Ningbo,Geodis,65.0,0.0,0.0,0.0,0.0,0.0,0.0
407,2022,8,35,Ningbo,Schenker,0.0,0.0,0.0,0.0,0.0,0.0,0.0
408,2022,8,35,Qingdao,Schenker,4.0,0.0,0.0,0.0,0.0,0.0,0.0
409,2022,8,35,Shanghai,KN,16.0,0.0,0.0,0.0,0.0,0.0,0.0
410,2022,8,35,Shanghai,Schenker,0.0,0.0,0.0,0.0,0.0,0.0,0.0
411,2022,8,35,Shunde,KN,32.0,0.0,0.0,0.0,0.0,0.0,0.0
412,2022,8,35,Wuhu,KN,2.0,0.0,0.0,0.0,0.0,0.0,0.0
413,2022,8,35,Xiamen,KN,0.0,0.0,0.0,0.0,0.0,0.0,0.0
414,2022,8,35,Xiamen,Schenker,16.0,0.0,0.0,0.0,0.0,0.0,0.0
415,2022,8,35,Yantian,KN,52.0,0.0,0.0,0.0,0.0,0.0,0.0
416,2022,8,35,Yantian,Schenker,6.0,0.0,0.0,0.0,0.0,0.0,0.0
417,2022,8,35,Zhongshan,KN,12.0,0.0,0.0,0.0,0.0,0.0,0.0
418,2022,8,35,Zhuhai,KN,4.0,0.0,0.0,0.0,0.0,0.0,0.0
419,2022,9,36,Kaohsiung,KN,2.0,0.0,0.0,0.0,0.0,0.0,0.0
420,2022,9,36,Nanjing,KN,2.0,0.0,0.0,0.0,0.0,0.0,0.0
421,2022,9,36,Nansha,Schenker,18.0,0.0,0.0,0.0,0.0,0.0,0.0
422,2022,9,36,Nantong,KN,4.0,0.0,0.0,0.0,0.0,0.0,0.0
423,2022,9,36,Ningbo,Geodis,42.0,0.0,0.0,0.0,0.0,0.0,0.0
424,2022,9,36,Qingdao,Schenker,4.0,0.0,0.0,0.0,0.0,0.0,0.0
425,2022,9,36,Shanghai,KN,8.0,0.0,0.0,0.0,0.0,0.0,0.0
426,2022,9,36,Shunde,KN,20.0,0.0,0.0,0.0,0.0,0.0,0.0
427,2022,9,36,Wuhu,KN,2.0,0.0,0.0,0.0,0.0,0.0,0.0
428,2022,9,36,Xiamen,Schenker,12.0,0.0,0.0,0.0,0.0,0.0,0.0
429,2022,9,36,Yantian,KN,32.0,0.0,0.0,0.0,0.0,0.0,0.0
430,2022,9,36,Zhongshan,KN,12.0,0.0,0.0,0.0,0.0,0.0,0.0
431,2022,9,36,Zhuhai,KN,4.0,0.0,0.0,0.0,0.0,0.0,0.0
432,2022,9,37,Kaohsiung,KN,2.0,0.0,0.0,0.0,0.0,0.0,0.0
433,2022,9,37,Nanjing,KN,2.0,0.0,0.0,0.0,0.0,0.0,0.0
434,2022,9,37,Nansha,Schenker,18.0,0.0,0.0,0.0,0.0,0.0,0.0
435,2022,9,37,Nantong,KN,4.0,0.0,0.0,0.0,0.0,0.0,0.0
436,2022,9,37,Ningbo,Geodis,42.0,0.0,0.0,0.0,0.0,0.0,0.0
437,2022,9,37,Qingdao,Schenker,4.0,0.0,0.0,0.0,0.0,0.0,0.0
438,2022,9,37,Shanghai,KN,8.0,0.0,0.0,0.0,0.0,0.0,0.0
439,2022,9,37,Shunde,KN,20.0,0.0,0.0,0.0,0.0,0.0,0.0
440,2022,9,37,Wuhu,KN,2.0,0.0,0.0,0.0,0.0,0.0,0.0
441,2022,9,37,Xiamen,Schenker,12.0,0.0,0.0,0.0,0.0,0.0,0.0
442,2022,9,37,Yantian,KN,32.0,0.0,0.0,0.0,0.0,0.0,0.0
443,2022,9,37,Zhongshan,KN,12.0,0.0,0.0,0.0,0.0,0.0,0.0
444,2022,9,37,Zhuhai,KN,4.0,0.0,0.0,0.0,0.0,0.0,0.0
445,2022,9,38,Kaohsiung,KN,2.0,0.0,0.0,0.0,0.0,0.0,0.0
446,2022,9,38,Nanjing,KN,2.0,0.0,0.0,0.0,0.0,0.0,0.0
447,2022,9,38,Nansha,Schenker,18.0,0.0,0.0,0.0,0.0,0.0,0.0
448,2022,9,38,Nantong,KN,4.0,0.0,0.0,0.0,0.0,0.0,0.0
449,2022,9,38,Ningbo,Geodis,42.0,0.0,0.0,0.0,0.0,0.0,0.0
450,2022,9,38,Qingdao,Schenker,4.0,0.0,0.0,0.0,0.0,0.0,0.0
451,2022,9,38,Shanghai,KN,8.0,0.0,0.0,0.0,0.0,0.0,0.0
452,2022,9,38,Shunde,KN,20.0,0.0,0.0,0.0,0.0,0.0,0.0
453,2022,9,38,Wuhu,KN,2.0,0.0,0.0,0.0,0.0,0.0,0.0
454,2022,9,38,Xiamen,Schenker,12.0,0.0,0.0,0.0,0.0,0.0,0.0
455,2022,9,38,Yantian,KN,32.0,0.0,0.0,0.0,0.0,0.0,0.0
456,2022,9,38,Zhongshan,KN,12.0,0.0,0.0,0.0,0.0,0.0,0.0
457,2022,9,38,Zhuhai,KN,4.0,0.0,0.0,0.0,0.0,0.0,0.0
458,2022,9,39,Kaohsiung,KN,2.0,0.0,0.0,0.0,0.0,0.0,0.0
459,2022,9,39,Nanjing,KN,2.0,0.0,0.0,0.0,0.0,0.0,0.0
460,2022,9,39,Nansha,Schenker,18.0,0.0,0.0,0.0,0.0,0.0,0.0
461,2022,9,39,Nantong,KN,4.0,0.0,0.0,0.0,0.0,0.0,0.0
462,2022,9,39,Ningbo,Geodis,42.0,0.0,0.0,0.0,0.0,0.0,0.0
463,2022,9,39,Qingdao,Schenker,4.0,0.0,0.0,0.0,0.0,0.0,0.0
464,2022,9,39,Shanghai,KN,8.0,0.0,0.0,0.0,0.0,0.0,0.0
465,2022,9,39,Shunde,KN,20.0,0.0,0.0,0.0,0.0,0.0,0.0
466,2022,9,39,Wuhu,KN,2.0,0.0,0.0,0.0,0.0,0.0,0.0
467,2022,9,39,Xiamen,Schenker,12.0,0.0,0.0,0.0,0.0,0.0,0.0
468,2022,9,39,Yantian,KN,32.0,0.0,0.0,0.0,0.0,0.0,0.0
469,2022,9,39,Zhongshan,KN,12.0,0.0,0.0,0.0,0.0,0.0,0.0
470,2022,9,39,Zhuhai,KN,4.0,0.0,0.0,0.0,0.0,0.0,0.0
471,2022,10,40,Kaohsiung,KN,2.0,0.0,0.0,0.0,0.0,0.0,0.0
472,2022,10,40,Nanjing,KN,2.0,0.0,0.0,0.0,0.0,0.0,0.0
473,2022,10,40,Nansha,Schenker,18.0,0.0,0.0,0.0,0.0,0.0,0.0
474,2022,10,40,Nantong,KN,4.0,0.0,0.0,0.0,0.0,0.0,0.0
475,2022,10,40,Ningbo,Geodis,36.0,0.0,0.0,0.0,0.0,0.0,0.0
476,2022,10,40,Qingdao,Schenker,4.0,0.0,0.0,0.0,0.0,0.0,0.0
477,2022,10,40,Shanghai,KN,8.0,0.0,0.0,0.0,0.0,0.0,0.0
478,2022,10,40,Shunde,KN,18.0,0.0,0.0,0.0,0.0,0.0,0.0
479,2022,10,40,Wuhu,KN,2.0,0.0,0.0,0.0,0.0,0.0,0.0
480,2022,10,40,Xiamen,Schenker,12.0,0.0,0.0,0.0,0.0,0.0,0.0
481,2022,10,40,Yantian,KN,30.0,0.0,0.0,0.0,0.0,0.0,0.0
482,2022,10,40,Zhongshan,KN,14.0,0.0,0.0,0.0,0.0,0.0,0.0
483,2022,10,40,Zhuhai,KN,4.0,0.0,0.0,0.0,0.0,0.0,0.0
484,2022,10,41,Kaohsiung,KN,2.0,0.0,0.0,0.0,0.0,0.0,0.0
485,2022,10,41,Nanjing,KN,2.0,0.0,0.0,0.0,0.0,0.0,0.0
486,2022,10,41,Nansha,Schenker,18.0,0.0,0.0,0.0,0.0,0.0,0.0
487,2022,10,41,Nantong,KN,4.0,0.0,0.0,0.0,0.0,0.0,0.0
488,2022,10,41,Ningbo,Geodis,36.0,0.0,0.0,0.0,0.0,0.0,0.0
489,2022,10,41,Qingdao,Schenker,4.0,0.0,0.0,0.0,0.0,0.0,0.0
490,2022,10,41,Shanghai,KN,8.0,0.0,0.0,0.0,0.0,0.0,0.0
491,2022,10,41,Shunde,KN,18.0,0.0,0.0,0.0,0.0,0.0,0.0
492,2022,10,41,Wuhu,KN,2.0,0.0,0.0,0.0,0.0,0.0,0.0
493,2022,10,41,Xiamen,Schenker,12.0,0.0,0.0,0.0,0.0,0.0,0.0
494,2022,10,41,Yantian,KN,30.0,0.0,0.0,0.0,0.0,0.0,0.0
495,2022,10,41,Zhongshan,KN,14.0,0.0,0.0,0.0,0.0,0.0,0.0
496,2022,10,41,Zhuhai,KN,4.0,0.0,0.0,0.0,0.0,0.0,0.0
497,2022,10,42,Kaohsiung,KN,2.0,0.0,0.0,0.0,0.0,0.0,0.0
498,2022,10,42,Nanjing,KN,2.0,0.0,0.0,0.0,0.0,0.0,0.0
499,2022,10,42,Nansha,Schenker,18.0,0.0,0.0,0.0,0.0,0.0,0.0
500,2022,10,42,Nantong,KN,4.0,0.0,0.0,0.0,0.0,0.0,0.0
501,2022,10,42,Ningbo,Geodis,36.0,0.0,0.0,0.0,0.0,0.0,0.0
502,2022,10,42,Qingdao,Schenker,4.0,0.0,0.0,0.0,0.0,0.0,0.0
503,2022,10,42,Shanghai,KN,8.0,0.0,0.0,0.0,0.0,0.0,0.0
504,2022,10,42,Shunde,KN,18.0,0.0,0.0,0.0,0.0,0.0,0.0
505,2022,10,42,Wuhu,KN,2.0,0.0,0.0,0.0,0.0,0.0,0.0
506,2022,10,42,Xiamen,Schenker,12.0,0.0,0.0,0.0,0.0,0.0,0.0
507,2022,10,42,Yantian,KN,30.0,0.0,0.0,0.0,0.0,0.0,0.0
508,2022,10,42,Zhongshan,KN,14.0,0.0,0.0,0.0,0.0,0.0,0.0
509,2022,10,42,Zhuhai,KN,4.0,0.0,0.0,0.0,0.0,0.0,0.0
510,2022,10,43,Kaohsiung,KN,2.0,0.0,0.0,0.0,0.0,0.0,0.0
511,2022,10,43,Nanjing,KN,2.0,0.0,0.0,0.0,0.0,0.0,0.0
512,2022,10,43,Nansha,Schenker,18.0,0.0,0.0,0.0,0.0,0.0,0.0
513,2022,10,43,Nantong,KN,4.0,0.0,0.0,0.0,0.0,0.0,0.0
514,2022,10,43,Ningbo,Geodis,36.0,0.0,0.0,0.0,0.0,0.0,0.0
515,2022,10,43,Qingdao,Schenker,4.0,0.0,0.0,0.0,0.0,0.0,0.0
516,2022,10,43,Shanghai,KN,8.0,0.0,0.0,0.0,0.0,0.0,0.0
517,2022,10,43,Shunde,KN,18.0,0.0,0.0,0.0,0.0,0.0,0.0
518,2022,10,43,Wuhu,KN,2.0,0.0,0.0,0.0,0.0,0.0,0.0
519,2022,10,43,Xiamen,Schenker,12.0,0.0,0.0,0.0,0.0,0.0,0.0
520,2022,10,43,Yantian,KN,30.0,0.0,0.0,0.0,0.0,0.0,0.0
521,2022,10,43,Zhongshan,KN,14.0,0.0,0.0,0.0,0.0,0.0,0.0
522,2022,10,43,Zhuhai,KN,4.0,0.0,0.0,0.0,0.0,0.0,0.0
523,2022,10,44,Kaohsiung,KN,2.0,0.0,0.0,0.0,0.0,0.0,0.0
524,2022,10,44,Nanjing,KN,2.0,0.0,0.0,0.0,0.0,0.0,0.0
525,2022,10,44,Nansha,Schenker,18.0,0.0,0.0,0.0,0.0,0.0,0.0
526,2022,10,44,Nantong,KN,4.0,0.0,0.0,0.0,0.0,0.0,0.0
527,2022,10,44,Ningbo,Geodis,36.0,0.0,0.0,0.0,0.0,0.0,0.0
528,2022,10,44,Qingdao,Schenker,4.0,0.0,0.0,0.0,0.0,0.0,0.0
529,2022,10,44,Shanghai,KN,8.0,0.0,0.0,0.0,0.0,0.0,0.0
530,2022,10,44,Shunde,KN,18.0,0.0,0.0,0.0,0.0,0.0,0.0
531,2022,10,44,Wuhu,KN,2.0,0.0,0.0,0.0,0.0,0.0,0.0
532,2022,10,44,Xiamen,Schenker,12.0,0.0,0.0,0.0,0.0,0.0,0.0
533,2022,10,44,Yantian,KN,30.0,0.0,0.0,0.0,0.0,0.0,0.0
534,2022,10,44,Zhongshan,KN,14.0,0.0,0.0,0.0,0.0,0.0,0.0
535,2022,10,44,Zhuhai,KN,4.0,0.0,0.0,0.0,0.0,0.0,0.0
536,2022,11,45,Kaohsiung,KN,2.0,0.0,0.0,0.0,0.0,0.0,0.0
537,2022,11,45,Nanjing,KN,2.0,0.0,0.0,0.0,0.0,0.0,0.0
538,2022,11,45,Nansha,Schenker,14.0,0.0,0.0,0.0,0.0,0.0,0.0
539,2022,11,45,Nantong,KN,6.0,0.0,0.0,0.0,0.0,0.0,0.0
540,2022,11,45,Ningbo,Geodis,45.0,0.0,0.0,0.0,0.0,0.0,0.0
541,2022,11,45,Ningbo,Schenker,0.0,0.0,0.0,0.0,0.0,0.0,0.0
542,2022,11,45,Qingdao,Schenker,4.0,0.0,0.0,0.0,0.0,0.0,0.0
543,2022,11,45,Shanghai,KN,10.0,0.0,0.0,0.0,0.0,0.0,0.0
544,2022,11,45,Shunde,KN,18.0,0.0,0.0,0.0,0.0,0.0,0.0
545,2022,11,45,Wuhu,KN,2.0,0.0,0.0,0.0,0.0,0.0,0.0
546,2022,11,45,Xiamen,Schenker,14.0,0.0,0.0,0.0,0.0,0.0,0.0
547,2022,11,45,Yantian,KN,40.0,0.0,0.0,0.0,0.0,0.0,0.0
548,2022,11,45,Zhongshan,KN,14.0,0.0,0.0,0.0,0.0,0.0,0.0
549,2022,11,45,Zhuhai,KN,4.0,0.0,0.0,0.0,0.0,0.0,0.0
550,2022,11,46,Kaohsiung,KN,2.0,0.0,0.0,0.0,0.0,0.0,0.0
551,2022,11,46,Nanjing,KN,2.0,0.0,0.0,0.0,0.0,0.0,0.0
552,2022,11,46,Nansha,Schenker,14.0,0.0,0.0,0.0,0.0,0.0,0.0
553,2022,11,46,Nantong,KN,6.0,0.0,0.0,0.0,0.0,0.0,0.0
554,2022,11,46,Ningbo,Geodis,45.0,0.0,0.0,0.0,0.0,0.0,0.0
555,2022,11,46,Ningbo,Schenker,0.0,0.0,0.0,0.0,0.0,0.0,0.0
556,2022,11,46,Qingdao,Schenker,4.0,0.0,0.0,0.0,0.0,0.0,0.0
557,2022,11,46,Shanghai,KN,10.0,0.0,0.0,0.0,0.0,0.0,0.0
558,2022,11,46,Shunde,KN,18.0,0.0,0.0,0.0,0.0,0.0,0.0
559,2022,11,46,Wuhu,KN,2.0,0.0,0.0,0.0,0.0,0.0,0.0
560,2022,11,46,Xiamen,Schenker,14.0,0.0,0.0,0.0,0.0,0.0,0.0
561,2022,11,46,Yantian,KN,40.0,0.0,0.0,0.0,0.0,0.0,0.0
562,2022,11,46,Zhongshan,KN,14.0,0.0,0.0,0.0,0.0,0.0,0.0
563,2022,11,46,Zhuhai,KN,4.0,0.0,0.0,0.0,0.0,0.0,0.0
564,2022,11,47,Kaohsiung,KN,2.0,0.0,0.0,0.0,0.0,0.0,0.0
565,2022,11,47,Nanjing,KN,2.0,0.0,0.0,0.0,0.0,0.0,0.0
566,2022,11,47,Nansha,Schenker,14.0,0.0,0.0,0.0,0.0,0.0,0.0
567,2022,11,47,Nantong,KN,6.0,0.0,0.0,0.0,0.0,0.0,0.0
568,2022,11,47,Ningbo,Geodis,45.0,0.0,0.0,0.0,0.0,0.0,0.0
569,2022,11,47,Ningbo,Schenker,0.0,0.0,0.0,0.0,0.0,0.0,0.0
570,2022,11,47,Qingdao,Schenker,4.0,0.0,0.0,0.0,0.0,0.0,0.0
571,2022,11,47,Shanghai,KN,10.0,0.0,0.0,0.0,0.0,0.0,0.0
572,2022,11,47,Shunde,KN,18.0,0.0,0.0,0.0,0.0,0.0,0.0
573,2022,11,47,Wuhu,KN,2.0,0.0,0.0,0.0,0.0,0.0,0.0
574,2022,11,47,Xiamen,Schenker,14.0,0.0,0.0,0.0,0.0,0.0,0.0
575,2022,11,47,Yantian,KN,40.0,0.0,0.0,0.0,0.0,0.0,0.0
576,2022,11,47,Zhongshan,KN,14.0,0.0,0.0,0.0,0.0,0.0,0.0
577,2022,11,47,Zhuhai,KN,4.0,0.0,0.0,0.0,0.0,0.0,0.0
578,2022,11,48,Kaohsiung,KN,2.0,0.0,0.0,0.0,0.0,0.0,0.0
579,2022,11,48,Nanjing,KN,2.0,0.0,0.0,0.0,0.0,0.0,0.0
580,2022,11,48,Nansha,Schenker,14.0,0.0,0.0,0.0,0.0,0.0,0.0
581,2022,11,48,Nantong,KN,6.0,0.0,0.0,0.0,0.0,0.0,0.0
582,2022,11,48,Ningbo,Geodis,45.0,0.0,0.0,0.0,0.0,0.0,0.0
583,2022,11,48,Ningbo,Schenker,0.0,0.0,0.0,0.0,0.0,0.0,0.0
584,2022,11,48,Qingdao,Schenker,4.0,0.0,0.0,0.0,0.0,0.0,0.0
585,2022,11,48,Shanghai,KN,10.0,0.0,0.0,0.0,0.0,0.0,0.0
586,2022,11,48,Shunde,KN,18.0,0.0,0.0,0.0,0.0,0.0,0.0
587,2022,11,48,Wuhu,KN,2.0,0.0,0.0,0.0,0.0,0.0,0.0
588,2022,11,48,Xiamen,Schenker,14.0,0.0,0.0,0.0,0.0,0.0,0.0
589,2022,11,48,Yantian,KN,40.0,0.0,0.0,0.0,0.0,0.0,0.0
590,2022,11,48,Zhongshan,KN,14.0,0.0,0.0,0.0,0.0,0.0,0.0
591,2022,11,48,Zhuhai,KN,4.0,0.0,0.0,0.0,0.0,0.0,0.0
592,2022,12,49,Kaohsiung,KN,2.0,0.0,0.0,0.0,0.0,0.0,0.0
593,2022,12,49,Nanjing,KN,2.0,0.0,0.0,0.0,0.0,0.0,0.0
594,2022,12,49,Nansha,Schenker,24.0,0.0,0.0,0.0,0.0,0.0,0.0
595,2022,12,49,Nantong,KN,6.0,0.0,0.0,0.0,0.0,0.0,0.0
596,2022,12,49,Ningbo,Geodis,55.0,0.0,0.0,0.0,0.0,0.0,0.0
597,2022,12,49,Qingdao,Schenker,4.0,0.0,0.0,0.0,0.0,0.0,0.0
598,2022,12,49,Shanghai,KN,14.0,0.0,0.0,0.0,0.0,0.0,0.0
599,2022,12,49,Shunde,KN,26.0,0.0,0.0,0.0,0.0,0.0,0.0
600,2022,12,49,Wuhu,KN,2.0,0.0,0.0,0.0,0.0,0.0,0.0
601,2022,12,49,Xiamen,Schenker,18.0,0.0,0.0,0.0,0.0,0.0,0.0
602,2022,12,49,Yantian,KN,52.0,0.0,0.0,0.0,0.0,0.0,0.0
603,2022,12,49,Zhongshan,KN,18.0,0.0,0.0,0.0,0.0,0.0,0.0
604,2022,12,49,Zhuhai,KN,4.0,0.0,0.0,0.0,0.0,0.0,0.0
605,2022,12,50,Kaohsiung,KN,2.0,0.0,0.0,0.0,0.0,0.0,0.0
606,2022,12,50,Nanjing,KN,2.0,0.0,0.0,0.0,0.0,0.0,0.0
607,2022,12,50,Nansha,Schenker,24.0,0.0,0.0,0.0,0.0,0.0,0.0
608,2022,12,50,Nantong,KN,6.0,0.0,0.0,0.0,0.0,0.0,0.0
609,2022,12,50,Ningbo,Geodis,55.0,0.0,0.0,0.0,0.0,0.0,0.0
610,2022,12,50,Qingdao,Schenker,4.0,0.0,0.0,0.0,0.0,0.0,0.0
611,2022,12,50,Shanghai,KN,14.0,0.0,0.0,0.0,0.0,0.0,0.0
612,2022,12,50,Shunde,KN,26.0,0.0,0.0,0.0,0.0,0.0,0.0
613,2022,12,50,Wuhu,KN,2.0,0.0,0.0,0.0,0.0,0.0,0.0
614,2022,12,50,Xiamen,Schenker,18.0,0.0,0.0,0.0,0.0,0.0,0.0
615,2022,12,50,Yantian,KN,52.0,0.0,0.0,0.0,0.0,0.0,0.0
616,2022,12,50,Zhongshan,KN,18.0,0.0,0.0,0.0,0.0,0.0,0.0
617,2022,12,50,Zhuhai,KN,4.0,0.0,0.0,0.0,0.0,0.0,0.0
618,2022,12,51,Kaohsiung,KN,2.0,0.0,0.0,0.0,0.0,0.0,0.0
619,2022,12,51,Nanjing,KN,2.0,0.0,0.0,0.0,0.0,0.0,0.0
620,2022,12,51,Nansha,Schenker,24.0,0.0,0.0,0.0,0.0,0.0,0.0
621,2022,12,51,Nantong,KN,6.0,0.0,0.0,0.0,0.0,0.0,0.0
622,2022,12,51,Ningbo,Geodis,55.0,0.0,0.0,0.0,0.0,0.0,0.0
623,2022,12,51,Qingdao,Schenker,4.0,0.0,0.0,0.0,0.0,0.0,0.0
624,2022,12,51,Shanghai,KN,14.0,0.0,0.0,0.0,0.0,0.0,0.0
625,2022,12,51,Shunde,KN,26.0,0.0,0.0,0.0,0.0,0.0,0.0
626,2022,12,51,Wuhu,KN,2.0,0.0,0.0,0.0,0.0,0.0,0.0
627,2022,12,51,Xiamen,Schenker,18.0,0.0,0.0,0.0,0.0,0.0,0.0
628,2022,12,51,Yantian,KN,52.0,0.0,0.0,0.0,0.0,0.0,0.0
629,2022,12,51,Zhongshan,KN,18.0,0.0,0.0,0.0,0.0,0.0,0.0
630,2022,12,51,Zhuhai,KN,4.0,0.0,0.0,0.0,0.0,0.0,0.0
631,2022,12,52,Kaohsiung,KN,2.0,0.0,0.0,0.0,0.0,0.0,0.0
632,2022,12,52,Nanjing,KN,2.0,0.0,0.0,0.0,0.0,0.0,0.0
633,2022,12,52,Nansha,Schenker,24.0,0.0,0.0,0.0,0.0,0.0,0.0
634,2022,12,52,Nantong,KN,6.0,0.0,0.0,0.0,0.0,0.0,0.0
635,2022,12,52,Ningbo,Geodis,55.0,0.0,0.0,0.0,0.0,0.0,0.0
636,2022,12,52,Qingdao,Schenker,4.0,0.0,0.0,0.0,0.0,0.0,0.0
637,2022,12,52,Shanghai,KN,14.0,0.0,0.0,0.0,0.0,0.0,0.0
638,2022,12,52,Shunde,KN,26.0,0.0,0.0,0.0,0.0,0.0,0.0
639,2022,12,52,Wuhu,KN,2.0,0.0,0.0,0.0,0.0,0.0,0.0
640,2022,12,52,Xiamen,Schenker,18.0,0.0,0.0,0.0,0.0,0.0,0.0
641,2022,12,52,Yantian,KN,52.0,0.0,0.0,0.0,0.0,0.0,0.0
642,2022,12,52,Zhongshan,KN,18.0,0.0,0.0,0.0,0.0,0.0,0.0
643,2022,12,52,Zhuhai,KN,4.0,0.0,0.0,0.0,0.0,0.0,0.0
